-1
-5
5
-12
-3
24
-88
517
1930
2904
3410
3723
3794
3719
3521
3222
2841
2396
1902
1369
807
228
-355
-935
-1502
-2047
-2560
-3030
-3457
-3829
-4134
-4381
-4565
-4669
-4694
-4652
-4540
-4350
-4095
-3774
-3394
-2962
-2481
-1961
-1413
-839
-256
332
918
1486
2031
2545
3019
3442
3814
4130
4373
4544
4650
4687
4644
4526
4340
4084
3763
3384
2949
2469
1952
1402
829
244
-344
-928
-1498
-2043
-2558
-3028
-3456
-3829
-4134
-4381
-4565
-4669
-4694
-4652
-4540
-4350
-4095
-3774
-3394
-2962
-2481
-1961
-1413
-839
-256
332
918
1486
2031
2545
3019
3442
3814
4130
4373
4544
4650
4687
4644
4526
4340
4084
3763
3384
2949
2469
1952
1402
829
244
-344
-928
-1498
-2043
-2558
-3028
-3456
-3829
-4134
-4381
-4565
-4669
-4694
-4652
-4540
-4350
-4095
-3774
-3394
-2962
-2481
-1961
-1413
-839
-256
332
918
1486
2031
2545
3019
3442
3814
4130
4373
4544
4650
4687
4644
4526
4340
4084
3763
3384
2949
2469
1952
1402
829
244
-344
-928
-1498
-2043
-2558
-3028
-3456
-3829
-4134
-4381
-4565
-4669
-4694
-4652
-4540
-4350
-4095
-3774
-3394
-2962
-2481
-1961
-1413
-839
-256
332
918
1486
2031
2545
3019
3442
3814
4130
4373
4544
4650
4687
4644
4526
4340
4084
3763
3384
2949
2469
1952
1402
829
244
-344
-928
-1498
-2043
-2558
-3028
-3456
-3829
-4134
-4381
-4565
-4669
-4694
-4652
-4540
-4350
-4095
-3774
-3394
-2962
-2481
-1961
-1413
-839
-256
332
918
1486
2031
2545
3019
3442
3814
4130
4373
4544
4650
4687
4644
4526
4340
4084
3763
3384
2949
2469
1952
1402
829
244
-344
-928
-1498
-2043
-2558
-3028
-3456
-3829
-4134
-4381
-4565
-4669
-4694
-4652
-4540
-4350
-4095
-3774
-3394
-2962
-2481
-1961
-1413
-839
-256
332
918
1486
2031
2545
3019
3442
3814
4130
4373
4544
4650
4687
4644
4526
4340
4084
3763
3384
2949
2469
1952
1402
829
244
-344
-928
-1498
-2043
-2558
-3028
-3456
-3829
-4134
-4381
-4565
-4669
-4694
-4652
-4540
-4350
-4095
-3774
-3394
-2962
-2481
-1961
-1413
-839
-256
332
918
1486
2031
2545
3019
3442
3814
4130
4373
4544
4650
4687
4644
4526
4340
4084
3763
3384
2949
2469
1952
1402
829
244
-344
-928
-1498
-2043
-2558
-3028
-3456
-3829
-4134
-4381
-4565
-4669
-4694
-4652
-4540
-4350
-4095
-3774
-3394
-2962
-2481
-1961
-1413
-839
-256
332
918
1486
2031
2545
3019
3442
3814
4130
4373
4544
4650
4687
4644
4526
4340
4084
3763
3384
2949
2469
1952
1402
829
244
-344
-928
-1498
-2043
-2558
-3028
-3456
-3829
-4134
-4381
-4565
-4669
-4694
-4652
-4540
-4350
-4095
-3774
-3394
-2962
-2481
-1961
-1413
-839
-256
332
918
1486
2031
2545
3019
3442
3814
4130
4373
4544
4650
4687
4644
4526
4340
4084
3763
3384
2949
2469
1952
1402
829
244
-344
-928
-1498
-2043
-2558
-3028
-3456
-3829
-4134
-4381
-4565
-4669
-4694
-4652
-4540
-4350
-4095
-3774
-3394
-2962
-2481
-1961
-1413
-839
-256
332
918
1486
2031
2545
3019
3442
3814
4130
4373
4544
4650
4687
4644
4526
4340
4084
3763
3384
2949
2469
1952
1402
829
244
-344
-928
-1498
-2043
-2558
-3028
-3456
-3829
-4134
-4381
-4565
-4669
-4694
-4652
-4540
-4350
-4095
-3774
-3394
-2962
-2481
-1961
-1413
-839
-256
332
918
1486
2031
2545
3019
3442
3814
4130
4373
4544
4650
4687
4644
4526
4340
4084
3763
3384
2949
2469
1952
1402
829
244
-344
-928
-1498
-2043
-2558
-3028
-3456
-3829
-4134
-4381
-4565
-4669
-4694
-4652
-4540
-4350
-4095
-3774
-3394
-2962
-2481
-1961
-1413
-839
-256
332
918
1486
2031
2545
3019
3442
3814
4130
4373
4544
4650
4687
4644
4526
4340
4084
3763
3384
2949
2469
1952
1402
829
244
-344
-928
-1498
-2043
-2558
-3028
-3456
-3829
-4134
-4381
-4565
-4669
-4694
-4652
-4540
-4350
-4095
-3774
-3394
-2962
-2481
-1961
-1413
-839
-256
332
918
1486
2031
2545
3019
3442
3814
4130
4373
4544
4650
4687
4644
4526
4340
4084
3763
3384
2949
2469
1952
1402
829
244
-344
-928
-1498
-2043
-2558
-3028
-3456
-3829
-4134
-4381
-4565
-4669
-4694
-4652
-4540
-4350
-4095
-3774
-3394
-2962
-2481
-1961
-1413
-839
-256
332
918
1486
2031
2545
3019
3442
3814
4130
4373
4544
4650
4687
4644
4526
4340
4084
3763
3384
2949
2469
1952
1402
829
244
-344
-928
-1498
-2043
-2558
-3028
-3456
-3829
-4134
-4381
-4565
-4669
-4694
-4652
-4540
-4350
-4095
-3774
-3394
-2962
-2481
-1961
-1413
-839
-256
332
918
1486
2031
2545
3019
3442
3814
4130
4373
4544
4650
4687
4644
4526
4340
4084
3763
3384
2949
2469
1952
1402
829
244
-344
-928
-1498
-2043
-2558
-3028
-3456
-3829
-4134
-4381
-4565
-4669
-4694
-4652
-4540
-4350
-4095
-3774
-3394
-2962
-2481
-1961
-1413
-839
-256
332
918
1486
2031
2545
3019
3442
3814
4130
4373
4544
4650
4687
4644
4526
4340
4084
3763
3384
2949
2469
1952
1402
829
244
-344
-928
-1498
-2043
-2558
-3028
-3456
-3829
-4134
-4381
-4565
-4669
-4694
-4652
-4540
-4350
-4095
-3774
-3394
-2962
-2481
-1961
-1413
-839
-256
332
918
1486
2031
2545
3019
3442
3814
4130
4373
4544
4650
4687
4644
4526
4340
4084
3763
3384
2949
2469
1952
1402
829
244
-344
-928
-1498
-2043
-2558
-3028
-3456
-3829
-4134
-4381
-4565
-4669
-4694
-4652
-4540
-4350
-4095
-3774
-3394
-2962
-2481
-1961
-1413
-839
-256
332
918
1486
2031
2545
3019
3442
3814
4130
4373
4544
4650
4687
4644
4526
4340
4084
3763
3384
2949
2469
1952
1402
829
244
-344
-928
-1498
-2043
-2558
-3028
-3456
-3829
-4134
-4381
-4565
-4669
-4694
-4652
-4540
-4350
-4095
-3774
-3394
-2962
-2481
-1961
-1413
-839
-256
332
918
1486
2031
2545
3019
3442
3814
4130
4373
4544
4650
4687
4644
4526
4340
4084
3763
3384
2949
2469
1952
1402
829
244
-344
-928
-1498
-2043
-2558
-3028
-3456
-3829
-4134
-4381
-4565
-4669
-4694
-4652
-4540
-4350
-4095
-3774
-3394
-2962
-2481
-1961
-1413
-839
-256
332
918
